{
  "a": 0.003348340830751188,
  "b": 0,
  "c": 0.9851414087789484,
  "p": 298.65537905101905,
  "q": -294.2177808577317,
  "r": 0.0,
  "text": "log(N)\u00b2 = 298.66 * RMSD + -294.22\nRMSD = 3.348341e-03 * log(N)\u00b2 + 0.985"
}
