{
  "a": 0.003348775723490071,
  "b": 0,
  "c": 0.9851157237177675,
  "p": 298.6165938153084,
  "q": -294.17190193050214,
  "r": 0.0,
  "text": "log(N)\u00b2 = 298.62 * RMSD + -294.17\nRMSD = 3.348776e-03 * log(N)\u00b2 + 0.985"
}
