{
  "a": 0.0027786792038407733,
  "b": 0,
  "c": 1.2111298000965653,
  "p": 359.8832130811539,
  "q": -435.8652839170875,
  "r": 0.0,
  "text": "log(N)\u00b2 = 359.88 * RMSD + -435.87\nRMSD = 2.778679e-03 * log(N)\u00b2 + 1.211"
}
