{
  "a": 0.00301114671163571,
  "b": 0,
  "c": 1.1527502307722302,
  "p": 332.0993946046494,
  "q": -382.8276537698275,
  "r": 0.0,
  "text": "log(N)\u00b2 = 332.10 * RMSD + -382.83\nRMSD = 3.011147e-03 * log(N)\u00b2 + 1.153"
}
